75  3  0  0
   1    3.481096  -2.8507739999999999  0
   2    -3.481096  -2.8507739999999999  0
   3    -3.481096  -1.2376830000000001  24.53012
   4    3.481096  -2.8507739999999999  12.725339999999999
   5    3.481096  -1.2376830000000001  12.725339999999999
   6    -3.481096  2.8507739999999999  12.725339999999999
   7    -3.481096  2.8507739999999999  0
   8    3.481096  2.8507739999999999  0
   9    3.481096  1.398209  0
  10    -3.481096  1.398209  0
  11    3.481096  1.398209  24.53012
  12    3.481096  1.398209  12.725339999999999
  13    -3.481096  -1.2376830000000001  12.725339999999999
  14    -3.481096  1.398209  12.725339999999999
  15    -3.481096  -1.2376830000000001  0
  16    3.481096  -1.2376830000000001  0
  17    -3.481096  1.398209  24.53012
  18    3.481096  -2.8507739999999999  24.53012
  19    -3.481096  -2.8507739999999999  24.53012
  20    3.481096  -2.8507739999999999  15.48061
  21    3.481096  2.8507739999999999  24.53012
  22    -3.481096  2.8507739999999999  24.53012
  23    -3.481096  1.398209  15.48061
  24    3.481096  -1.2376830000000001  24.53012
  25    -3.481096  -2.8507739999999999  12.725339999999999
  26    3.481096  -1.2376830000000001  15.48061
  27    3.481096  2.8507739999999999  12.725339999999999
  28    -3.481096  2.8507739999999999  15.48061
  29    3.481096  2.8507739999999999  15.48061
  30    -9.379175  -1.2376830000000001  12.725339999999999
  31    -3.481096  -2.8507739999999999  15.48061
  32    -3.481096  -1.2376830000000001  15.48061
  33    3.481096  1.398209  15.48061
  34    6.3762530000000002  -1.2376830000000001  12.725339999999999
  35    9.6247469999999993  -1.2376830000000001  15.48061
  36    9.6247469999999993  1.398209  15.48061
  37    9.6247469999999993  -1.2376830000000001  12.725339999999999
  38    6.3762530000000002  -1.2376830000000001  15.48061
  39    9.6247469999999993  1.398209  12.725339999999999
  40    6.3762530000000002  1.398209  15.48061
  41    6.3762530000000002  1.398209  12.725339999999999
  42    -6.2537979999999997  -1.2376830000000001  12.725339999999999
  43    -6.2537979999999997  -1.2376830000000001  15.48061
  44    -6.2537979999999997  1.398209  15.48061
  45    -9.379175  1.398209  15.48061
  46    -9.379175  -1.2376830000000001  15.48061
  47    -6.2537979999999997  1.398209  12.725339999999999
  48    -9.379175  1.398209  12.725339999999999
  49    -3.481096  2.8507739999999999  20.005365000000001
  50    3.481096  -2.8507739999999999  20.005365000000001
  51    -3.481096  -2.8507739999999999  20.005365000000001
  52    3.481096  -2.8507739999999999  6.3626699999999996
  53    3.481096  2.8507739999999999  6.3626699999999996
  54    0  -2.8507739999999999  14.102975000000001
  55    -3.481096  2.8507739999999999  6.3626699999999996
  56    -3.481096  -2.8507739999999999  6.3626699999999996
  57    -3.481096  -2.8507739999999999  9.5440049999999985
  58    0  2.8507739999999999  14.102975000000001
  59    0  2.8507739999999999  24.53012
  60    0  -2.8507739999999999  24.53012
  61    0  -2.8507739999999999  0
  62    3.481096  2.8507739999999999  20.005365000000001
  63    -0.57261999002124631  -2.8507739999999999  17.742987500000002
  64    0  2.8507739999999999  0
  65    -3.481096  2.8507739999999999  3.1813349999999998
  66    -3.481096  2.8507739999999999  22.267742500000001
  67    3.481096  -2.8507739999999999  9.5440049999999985
  68    3.481096  2.8507739999999999  3.1813349999999998
  69    0  2.8507739999999999  18.08070580678471
  70    0  2.8507739999999999  9.4500349120938392
  71    3.481096  2.8507739999999999  9.5440049999999985
  72    3.481096  2.8507739999999999  22.267742500000001
  73    3.481096  -2.8507739999999999  3.1813349999999998
  74    -3.481096  -2.8507739999999999  3.1813349999999998
  75    -3.481096  2.8507739999999999  9.5440049999999985
# Generated by tetgen64 -pq Container.stl 
