110  3  0  0
   1    -3.481096  -1.2376830000000001  0
   2    3.481096  -1.2376830000000001  0
   3    3.481096  -2.8507739999999999  0
   4    3.481096  -2.8507739999999999  3.2394449999999999
   5    -3.481096  -2.8507739999999999  0
   6    -3.481096  2.8507739999999999  3.2394449999999999
   7    -3.481096  2.8507739999999999  0
   8    -3.481096  1.398209  24.53012
   9    3.481096  2.8507739999999999  0
  10    -3.481096  1.398209  0
  11    3.481096  1.398209  24.53012
  12    3.481096  -1.2376830000000001  24.53012
  13    3.481096  1.398209  0
  14    -3.3229500000000001  -1.160274  3.3203610000000001
  15    3.481096  -2.8507739999999999  20.37088
  16    3.481096  2.8507739999999999  20.37088
  17    3.481096  2.8507739999999999  15.48061
  18    -3.481096  2.8507739999999999  15.48061
  19    -3.481096  2.8507739999999999  20.37088
  20    -3.19557  1.2584500000000001  20.224789999999999
  21    -3.19557  -1.097923  20.224789999999999
  22    2.746267  -0.89722409999999997  15.12473
  23    -3.481096  -2.8507739999999999  15.48061
  24    3.481096  -2.8507739999999999  15.48061
  25    -2.8598590000000002  1.0941259999999999  13.043189999999999
  26    -11.89953  -0.92610979999999998  15.154920000000001
  27    -11.89953  1.0866359999999999  13.051019999999999
  28    4.4992020000000004  -1.061633  15.296580000000001
  29    4.4992020000000004  1.222159  12.90936
  30    2.746267  1.05775  15.12473
  31    4.4992020000000004  1.222159  15.296580000000001
  32    6.3762530000000002  1.398209  15.48061
  33    6.3762530000000002  -1.2376830000000001  15.48061
  34    7.6434790000000001  -1.1421110000000001  15.380699999999999
  35    7.6434790000000001  1.302638  12.825240000000001
  36    7.6434790000000001  1.302638  15.380699999999999
  37    6.3762530000000002  1.398209  12.725339999999999
  38    -2.8598590000000002  -0.93359990000000004  15.162750000000001
  39    -2.8598590000000002  1.0941259999999999  15.162750000000001
  40    -2.8598590000000002  -0.93359990000000004  13.043189999999999
  41    -4.5858619999999997  1.248769  12.881539999999999
  42    -4.5858619999999997  -1.0882430000000001  15.324400000000001
  43    -4.5858619999999997  -1.0882430000000001  12.881539999999999
  44    -7.3217999999999996  1.339269  12.786949999999999
  45    -7.3217999999999996  1.339269  15.419
  46    -6.2537979999999997  -1.2376830000000001  12.725339999999999
  47    -6.2537979999999997  -1.2376830000000001  15.48061
  48    -7.3217999999999996  -1.1787430000000001  12.786949999999999
  49    -6.2537979999999997  1.398209  15.48061
  50    -4.5858619999999997  1.248769  15.324400000000001
  51    -6.2537979999999997  1.398209  12.725339999999999
  52    -11.89953  1.0866359999999999  15.154920000000001
  53    -11.89953  -0.92610979999999998  13.051019999999999
  54    -7.3217999999999996  -1.1787430000000001  15.419
  55    6.3762530000000002  -1.2376830000000001  12.725339999999999
  56    4.4992020000000004  -1.061633  12.90936
  57    11.67681  0.99845240000000002  15.06274
  58    11.67681  -0.83792610000000001  13.1432
  59    11.67681  -0.83792610000000001  15.06274
  60    7.6434790000000001  -1.1421110000000001  12.825240000000001
  61    11.67681  0.99845240000000002  13.1432
  62    3.481096  -2.8507739999999999  24.53012
  63    -3.481096  -2.8507739999999999  20.37088
  64    -3.481096  2.8507739999999999  24.53012
  65    3.481096  2.8507739999999999  24.53012
  66    -3.481096  -1.2376830000000001  24.53012
  67    3.1433620000000002  -1.081205  20.20731
  68    3.1433620000000002  1.2417309999999999  20.20731
  69    -3.481096  -2.8507739999999999  24.53012
  70    -3.481096  -2.8507739999999999  5.676882
  71    3.481096  -2.8507739999999999  9.0837690000000002
  72    3.481096  -2.8507739999999999  5.676882
  73    3.481096  2.8507739999999999  9.0837690000000002
  74    3.481096  2.8507739999999999  5.676882
  75    2.9565510000000002  -0.99465199999999998  9.3378069999999997
  76    3.1532830000000001  -1.085801  5.835642
  77    2.9565510000000002  1.155178  9.3378069999999997
  78    -3.2039569999999999  -1.1020289999999999  5.8186799999999996
  79    3.2940330000000002  -1.1510130000000001  3.3300399999999999
  80    -3.2039569999999999  1.2625550000000001  5.8186799999999996
  81    -3.481096  2.8507739999999999  5.676882
  82    3.2940330000000002  1.3115399999999999  3.3300399999999999
  83    3.481096  2.8507739999999999  3.2394449999999999
  84    -3.3229500000000001  1.3208  3.3203610000000001
  85    3.1532830000000001  1.2463280000000001  5.835642
  86    -3.481096  -2.8507739999999999  3.2394449999999999
  87    -3.481096  -2.8507739999999999  12.725339999999999
  88    3.481096  -2.8507739999999999  12.725339999999999
  89    3.481096  2.8507739999999999  12.725339999999999
  90    -3.481096  2.8507739999999999  9.0837690000000002
  91    -3.481096  2.8507739999999999  12.725339999999999
  92    2.746267  1.05775  13.08121
  93    -3.037636  1.1811449999999999  9.3106650000000002
  94    -3.037636  -1.020618  9.3106650000000002
  95    2.746267  -0.89722409999999997  13.08121
  96    -3.481096  -2.8507739999999999  9.0837690000000002
  97    0  2.8507739999999999  17.925744999999999
  98    0  -2.8507739999999999  14.102975000000001
  99    0  2.8507739999999999  14.102975000000001
 100    0  2.8507739999999999  7.3803254999999996
 101    -0.74737891506094511  2.8507739999999999  10.9045545
 102    0  -2.8507739999999999  10.386206029803121
 103    0  2.8507739999999999  24.53012
 104    0  -2.8507739999999999  0
 105    0  -2.8507739999999999  24.53012
 106    0  -2.8507739999999999  18.203600524018071
 107    0  -2.8507739999999999  4.4581634999999995
 108    0  2.8507739999999999  3.8466663330068624
 109    0  2.8507739999999999  0
 110    0.27981504443083427  2.8507739999999999  21.227932499999998
# Generated by tetgen64 -pq Container.stl 
