121  4  0
    1      40    38    34    35
    2       5    38    40    26
    3      28    23     6    58
    4      60    50    63    69
    5      15     2    61    74
    6      32    31    54    63
    7       5    54    58    70
    8      13    23    43    32
    9      57    54    67    70
   10      13    32    54    58
   11      17    22    59    66
   12      51     3    60    66
   13      32    49    51    63
   14       5    67    70    71
   15      13    23    32    58
   16      57    13    70    75
   17      55    74    65    52
   18      28    23    58    69
   19      15    61    65    74
   20      12     5    58    70
   21       4    26     5    54
   22      23    13    43    44
   23       3    59    60    66
   24      33    26    62    69
   25      42    43    44    30
   26      14     6    70    75
   27      33     5    26    58
   28      43    45    30    46
   29      16     9    64    68
   30      12    29    27    58
   31       3    19    51    60
   32      25    13    54    57
   33      61    64    65    68
   34      43    45    44    30
   35      27    12    70    71
   36      26    20    50    63
   37      26    58    63    69
   38      18    24    50    60
   39      33    29    58    69
   40      23    14     6    58
   41      23    32    58    63
   42      33     5    12    40
   43      12     5    41    40
   44      12    33    29    58
   45      38     5    40    34
   46      26    50    62    69
   47      31    13    32    54
   48      61    16    68    73
   49      45    48    44    30
   50      21    11    59    72
   51      20    26    54    63
   52      31    32    51    63
   53      33     5    40    26
   54      13    14    58    70
   55      59    60    69    72
   56      26    33    58    69
   57       3    17    59    66
   58       5    41    40    34
   59      13    42    43    44
   60      13    47    42    44
   61      14    47    13    44
   62      23    14    13    44
   63      54     5    67    70
   64      54    26    58    63
   65      23    28    49    69
   66      49    60    69    66
   67      13    14    70    75
   68      47    42    44    30
   69      48    47    44    30
   70       7    10    64    65
   71      63    49    60    69
   72      54    13    58    70
   73      49    63    60    51
   74      52    56    57    70
   75      52    57    67    70
   76      52    53    55    70
   77      65    61    68    73
   78      59    24    60    72
   79      29    33    62    69
   80      27    12    58    70
   81      14    23    13    58
   82      52    55    56    70
   83      55    57    70    75
   84      34    39    35    37
   85      32    54    58    63
   86      10    15    64    65
   87      24    50    60    72
   88      53    52    65    68
   89      32    23    49    63
   90      56    55    57    70
   91      20    26     4    54
   92       1    16    61    73
   93      61    16    64    68
   94      53    52    55    65
   95      14     6    58    70
   96      52    65    68    73
   97      50    26    63    69
   98      52    71    70    67
   99      34    40    35    36
  100      39    34    35    36
  101      59    60    66    69
  102      41    40    34    36
  103      39    41    34    36
  104      52    71    53    70
  105      55    74    52    56
  106      58    23    63    69
  107      52    74    65    73
  108      23    49    63    69
  109      49    60    66    51
  110       5     4    54    67
  111      60    50    69    72
  112      26     5    54    58
  113      15    61    64    65
  114       5    33    12    58
  115      50    62    69    72
  116      11    24    59    72
  117      13    31    25    54
  118      65    61    73    74
  119       9     8    64    68
  120      12     5    70    71
  121      13    54    57    70
# Generated by tetgen64 -pq Container.stl 
