218  4  0
    1      80    81   100   108
    2      66   103   105   110
    3      41    38    50    42
    4      80   107    84   108
    5      77    73   100   101
    6      85    76    77   100
    7      63    21   105   106
    8      85    80   108   107
    9     101    95    77    92
   10       6    10   109    84
   11      92    40    25   101
   12      85   107    82    76
   13      16    11    65   110
   14      21    66   105   110
   15      95    75    88   102
   16      44    46    49    47
   17      39    91    18    99
   18      93    77   100   101
   19       2     4   104     3
   20      17    30    97    99
   21      75    94    77   100
   22      44    49    45    47
   23      38    87    40    98
   24      30    89    92    99
   25      94    93    77   100
   26      19    20    97   110
   27      87    94    40   102
   28      53    44    27    26
   29      21    38    97   106
   30      87    40    98   102
   31      96    78   102   107
   32      74    82    85   108
   33      94    75    77   102
   34      44    54    26    48
   35      46    49    47    42
   36      95    40   101   102
   37      82   107    79    76
   38       1    86   104    14
   39       1    10    84   109
   40      44    54    46    47
   41      94    96    78   102
   42      93    25    94   101
   43      74    85    73   100
   44      37    55    60    34
   45       4     2   104    79
   46      41    43    40    38
   47      63    66   105    21
   48       8    64   103   110
   49      30    39    97    99
   50      23    87    38    98
   51      21    67   105   106
   52      86     1   104     5
   53      78   102    75    94
   54      95   101    77   102
   55      89    92    99   101
   56      23    21    63   106
   57      24    67    22   106
   58      92    25    99   101
   59      22    38    30    99
   60      78    80    94   100
   61      67    15   105   106
   62       8    21    20   110
   63      55    28    29    56
   64      92    22    30    99
   65      95    88    22    98
   66      81    80    84   108
   67      78    75    76   100
   68      14    86   104   107
   69      28    37    29    31
   70      22    92    95    99
   71      92    22    95    56
   72      22    67    97   106
   73      83    82    74   108
   74      95    40    98    99
   75      38    22    98    99
   76      24    22    88    98
   77      89    77    92   101
   78     101    94    77   102
   79      75    78    94   100
   80      28    22    92    56
   81      39    38    25    99
   82      22    28    92    30
   83      29    28    92    56
   84      67    11    68   110
   85      97    21   106   110
   86      28    37    55    29
   87      58    61    34    57
   88      80    93    94   100
   89      28    37    31    32
   90      39    18    97    99
   91      76    71   102   107
   92      27    44    52    26
   93      70    86    14   107
   94      15    12   105    62
   95      40    41    38    25
   96      88    75    71   102
   97      29    28    31    30
   98      28    29    92    30
   99      60    58    61    34
  100      25    91    99   101
  101      84     6   108   109
  102      90    91    93   101
  103      89    73    77   101
  104      39    21    38    97
  105      22    67    30    97
  106      21    39    20    97
  107      41    43    38    42
  108      61    60    34    35
  109      67    68    30    97
  110      18    20    39    97
  111      78    76    80   100
  112      10     6   109     7
  113      13    83   109    82
  114      93    91    25   101
  115       6    81    84   108
  116      79     4    72   107
  117      85    80   100   108
  118      19    20    18    97
  119      46    44    49    51
  120      72    76    79   107
  121      30    68    17    97
  122      72    71    76   107
  123      78    70    14   107
  124      68    16    17    97
  125      40    92    95   101
  126      67    12    11   110
  127      76    71    75   102
  128      15    67    24   106
  129      37    36    34    35
  130      54    44    45    47
  131      83    13   109     9
  132       4    79   104   107
  133      38    22    30    97
  134      77    76    75   100
  135      54    44    46    48
  136      38    22    97   106
  137      21    67   106   110
  138      38    39    25    50
  139      41    38    25    50
  140      53    44    26    48
  141      84   107   109   108
  142      38    30    39    97
  143      84   107    78    14
  144      60    37    34    35
  145      12    15   105    67
  146      22    38    98   106
  147      17    89    30    99
  148     102    76    78    75
  149      36    37    34    32
  150     107    82   109   108
  151      76   102    78   107
  152      19     8    20   110
  153      90    80    81   100
  154      67    21   105   110
  155      76    80   100    85
  156      67    68    97   110
  157      52    44    45    26
  158      44    54    45    26
  159      49    46    51    42
  160      49    51    50    42
  161      41    46    43    42
  162      46    41    51    42
  163      51    41    50    42
  164      40    92    25    99
  165      20    21    97   110
  166     103    12   105   110
  167     107    85    82   108
  168     102    77    95    75
  169      12    67   105   110
  170      24    22    98   106
  171      38    23    98   106
  172      94    25    40   101
  173      21    23    38   106
  174     107    80    84    78
  175      96    70    78   107
  176      39    25    91    99
  177      30    38    39    99
  178      92    40    95    99
  179      22    95    98    99
  180      40    38    98    99
  181      38    40    25    99
  182     109   107    14   104
  183      67    97   106   110
  184      94   101    77    93
  185      96    94    87   102
  186      74    85   100   108
  187      66     8   103   110
  188      59    58    34    57
  189      77    73    85   100
  190      79     2   104   109
  191      83    82   108   109
  192      84    14     1   109
  193      66    63   105    69
  194      55    33    34    32
  195      37    55    34    32
  196      28    33    55    32
  197      37    28    55    32
  198      34    61    35    57
  199      36    34    35    57
  200      40    94   101   102
  201      13     2    79   109
  202      90    93   100   101
  203      40    95    98   102
  204      95    88    98   102
  205      76    80    85   107
  206      79   107   109   104
  207      82   107   109    79
  208       1    14   104   109
  209      79    82    13   109
  210      80    90    93   100
  211      11    12   103   110
  212      76    78    80   107
  213     107    84   109    14
  214      68    16    97   110
  215      21     8    66   110
  216      11    16    68   110
  217       8    19    64   110
  218      65    11   103   110
# Generated by tetgen64 -pq Container.stl 
