56  3  0  0
   1    -1.0590310000000001  -0.33664919999999998  0
   2    -1.0590310000000001  -1.0099480000000001  0
   3    1.0590310000000001  -0.33664919999999998  0
   4    0.3530104  -1.0099480000000001  0
   5    -0.3530105  -0.33664919999999998  0
   6    0.3530104  -0.33664919999999998  0
   7    0.3530104  0.33664929999999998  0
   8    1.0590310000000001  0.33664929999999998  0
   9    -1.0590310000000001  0.33664929999999998  0
  10    -0.3530105  0.33664929999999998  0
  11    -0.3530105  -1.0099480000000001  1.1255550000000001
  12    1.0590310000000001  -1.0099480000000001  1.1255550000000001
  13    0.3530104  -0.33664919999999998  1.1255550000000001
  14    0.3530104  0.33664929999999998  1.1255550000000001
  15    -0.3530105  0.33664929999999998  1.1255550000000001
  16    -0.3530105  -0.33664919999999998  1.1255550000000001
  17    1.0590310000000001  -0.33664919999999998  1.1255550000000001
  18    0.3530104  1.0099480000000001  1.1255550000000001
  19    -0.3530105  1.0099480000000001  1.1255550000000001
  20    -0.3530105  -1.0099480000000001  0
  21    1.0590310000000001  -1.0099480000000001  0.37518489999999999
  22    -0.3530105  -1.0099480000000001  0.75036970000000003
  23    0.3530104  -1.0099480000000001  0.75036970000000003
  24    -0.3530105  -1.0099480000000001  0.37518489999999999
  25    0.3530104  -1.0099480000000001  0.37518489999999999
  26    -1.0590310000000001  -1.0099480000000001  1.1255550000000001
  27    0.3530104  -1.0099480000000001  1.1255550000000001
  28    1.0590310000000001  -1.0099480000000001  0
  29    1.0590310000000001  0.33664929999999998  0.37518489999999999
  30    1.0590310000000001  -0.33664919999999998  0.37518489999999999
  31    1.0590310000000001  -1.0099480000000001  0.75036970000000003
  32    1.0590310000000001  0.33664929999999998  0.75036970000000003
  33    1.0590310000000001  -0.33664919999999998  0.75036970000000003
  34    1.0590310000000001  1.0099480000000001  1.1255550000000001
  35    1.0590310000000001  0.33664929999999998  1.1255550000000001
  36    1.0590310000000001  1.0099480000000001  0
  37    0.3530104  1.0099480000000001  0
  38    -0.3530105  1.0099480000000001  0
  39    -1.0590310000000001  1.0099480000000001  0
  40    1.0590310000000001  1.0099480000000001  0.37518489999999999
  41    0.3530105  1.0099480000000001  0.37518489999999999
  42    -0.3530104  1.0099480000000001  0.37518489999999999
  43    -0.3530104  1.0099480000000001  0.75036970000000003
  44    -1.0590310000000001  1.0099480000000001  0.37518489999999999
  45    1.0590310000000001  1.0099480000000001  0.75036970000000003
  46    0.3530105  1.0099480000000001  0.75036970000000003
  47    -1.0590310000000001  -0.33664929999999998  0.37518489999999999
  48    -1.0590310000000001  -1.0099480000000001  0.37518489999999999
  49    -1.0590310000000001  0.33664919999999998  0.37518489999999999
  50    -1.0590310000000001  0.33664919999999998  0.75036970000000003
  51    -1.0590310000000001  -1.0099480000000001  0.75036970000000003
  52    -1.0590310000000001  0.33664929999999998  1.1255550000000001
  53    -1.0590310000000001  1.0099480000000001  1.1255550000000001
  54    -1.0590310000000001  1.0099480000000001  0.75036970000000003
  55    -1.0590310000000001  -0.33664919999999998  1.1255550000000001
  56    -1.0590310000000001  -0.33664929999999998  0.75036970000000003
# Generated by tetgen64 -pq Plantas1.stl 
