117  4  0
    1      46    45    32    29
    2      43    42    50    54
    3      21    25     3     4
    4       2    48    24    47
    5      56    11    51    22
    6      43    42     7    10
    7      10    42    38    44
    8      53    54    15    52
    9       5    10    49    50
   10      32    46    14    35
   11      11    56    26    55
   12      25     5     6     4
   13      56    11    16    55
   14      23    21    25    30
   15      13    11    23    27
   16      34    46    32    35
   17      43    14    19    15
   18       5    24    20     4
   19      50    43    54    15
   20      53    54    19    15
   21      56     5    47    50
   22      23    33    31    21
   23      13    33    17    12
   24      23    13    27    12
   25      13    23    33    12
   26      33    23    31    12
   27      34    46    14    18
   28      46    45    29    40
   29      33    23     6    30
   30      34    46    45    32
   31      33    13    17    32
   32      46    43    14    18
   33       8    36    41    40
   34      14    43    19    18
   35      23    25     6    30
   36      46    32     7    29
   37       1     2    20    47
   38      46    29    41    40
   39      13    32    14    35
   40       2    24    20    47
   41      11    56    16    22
   42      46    32    14     7
   43      29     8    41    40
   44      43    46    14     7
   45      25     6     3     4
   46      29    33     6    30
   47      23    33    21    30
   48      47    56    51    22
   49      32     7    29     6
   50      33    32    29     6
   51       5    13    23     6
   52       5    23    25     6
   53      13     5    14     6
   54      14     5     7     6
   55      23    13    33     6
   56      33    13    32     6
   57      32    14     7     6
   58      32    13    14     6
   59      50    16    15    55
   60      13    17    32    35
   61      46    34    14    35
   62      42    37     7    38
   63      24     5    20    47
   64       5     1    20    47
   65      36    37     7    41
   66       9    10    44    49
   67       5    56    16    50
   68      39     9    38    44
   69      54    50    15    52
   70      50    15    52    55
   71      42     7    10    38
   72      42    44    50    54
   73      56    11    26    51
   74       9    10    38    44
   75      10    42    44    49
   76      56    16    50    55
   77       9     1    10    49
   78       1     5    10    49
   79       5     1    47    49
   80      47     5    49    50
   81      42    44    49    50
   82       7    46    29    41
   83      43    42    10    50
   84      10    42    49    50
   85      54    43    19    15
   86      10    43    50    15
   87       5    13    14    15
   88       5    16    13    15
   89      14    43     7    15
   90       7    43    10    15
   91       5    10    50    15
   92      16     5    50    15
   93       5     7    10    15
   94       5    14     7    15
   95      11    16    13    22
   96      11    13    23    22
   97      56     5    16    22
   98       5    56    47    22
   99      24     5    47    22
  100      48    47    51    22
  101      48    24    47    22
  102      23     5    25    22
  103      25     5    24    22
  104      16     5    13    22
  105      13     5    23    22
  106      37    42     7    41
  107      36     7     8    41
  108       8     7    29    41
  109      43    46     7    41
  110      42    43     7    41
  111       3    21     4    28
  112       7     8    29     3
  113       7    29     6     3
  114       6    29    30     3
  115      25     6    30     3
  116      21    25    30     3
  117       5    25    24     4
# Generated by tetgen64 -pq Plantas1.stl 
